n,numberOfSamples,time_cpu_float,time_cpu_double,block_size,time_gpu_float,time_gpu_double,diff_float,diff_double,spdup_float,spdup_double,cpu,gpu
10,20000,0.023793,0.0440581,-9999,-9999,-9999,-9999,-9999,-9999,-9999,1,0,
20000,20000,-9999,-9999,1,3.23461,10.8698,-9999,-9999,-9999,-9999,0,1,
20000,20000,-9999,-9999,4,1.59002,4.04151,-9999,-9999,-9999,-9999,0,1,
20000,20000,-9999,-9999,9,1.28277,2.7041,-9999,-9999,-9999,-9999,0,1,
20000,20000,-9999,-9999,16,1.11894,2.20703,-9999,-9999,-9999,-9999,0,1,
20000,20000,-9999,-9999,25,1.0609,1.95997,-9999,-9999,-9999,-9999,0,1,
20000,20000,-9999,-9999,36,1.07283,2.0693,-9999,-9999,-9999,-9999,0,1,
20000,20000,-9999,-9999,49,1.09406,1.97918,-9999,-9999,-9999,-9999,0,1,
20000,20000,-9999,-9999,64,1.05666,1.8669,-9999,-9999,-9999,-9999,0,1,
20000,20000,-9999,-9999,81,1.04103,1.9107,-9999,-9999,-9999,-9999,0,1,
20000,20000,-9999,-9999,100,1.09187,1.95711,-9999,-9999,-9999,-9999,0,1,
20000,20000,-9999,-9999,121,1.05639,1.86609,-9999,-9999,-9999,-9999,0,1,
20000,20000,-9999,-9999,144,1.06083,1.87079,-9999,-9999,-9999,-9999,0,1,
20000,20000,-9999,-9999,169,1.03221,1.87046,-9999,-9999,-9999,-9999,0,1,
20000,20000,-9999,-9999,196,1.06807,1.91446,-9999,-9999,-9999,-9999,0,1,
20000,20000,-9999,-9999,225,1.06982,1.8744,-9999,-9999,-9999,-9999,0,1,
20000,20000,-9999,-9999,256,1.06234,1.8696,-9999,-9999,-9999,-9999,0,1,
20000,20000,-9999,-9999,289,1.06849,1.90337,-9999,-9999,-9999,-9999,0,1,
20000,20000,-9999,-9999,324,1.09372,1.90173,-9999,-9999,-9999,-9999,0,1,
20000,20000,-9999,-9999,361,1.05594,1.86106,-9999,-9999,-9999,-9999,0,1,
20000,20000,-9999,-9999,400,1.05248,1.90193,-9999,-9999,-9999,-9999,0,1,
20000,20000,-9999,-9999,441,1.06412,1.89532,-9999,-9999,-9999,-9999,0,1,
20000,20000,-9999,-9999,484,1.02503,1.81601,-9999,-9999,-9999,-9999,0,1,
20000,20000,-9999,-9999,529,1.04936,1.83321,-9999,-9999,-9999,-9999,0,1,
20000,20000,-9999,-9999,576,1.05548,1.86662,-9999,-9999,-9999,-9999,0,1,
20000,20000,-9999,-9999,625,1.05426,1.87999,-9999,-9999,-9999,-9999,0,1,
20000,20000,-9999,-9999,676,1.07552,1.88831,-9999,-9999,-9999,-9999,0,1,
20000,20000,-9999,-9999,729,1.04446,1.89487,-9999,-9999,-9999,-9999,0,1,
20000,20000,-9999,-9999,784,1.03194,1.88296,-9999,-9999,-9999,-9999,0,1,
20000,20000,-9999,-9999,841,1.07682,1.87332,-9999,-9999,-9999,-9999,0,1,
20000,20000,-9999,-9999,900,1.07003,1.87715,-9999,-9999,-9999,-9999,0,1,
20000,20000,-9999,-9999,961,1.05715,1.88076,-9999,-9999,-9999,-9999,0,1,
20000,20000,-9999,-9999,1024,1.0637,1.86497,-9999,-9999,-9999,-9999,0,1,
