time_cpu_float,time_cpu_double,block_size,time_gpu_float,time_gpu_double,diff_float,diff_double,spdup_float,spdup_double
0.00523615,0.015662,-9999,-9999,-9999,-9999,-9999,-9999,-9999,
0.00523305,0.0149028,-9999,-9999,-9999,-9999,-9999,-9999,-9999,
-9999,-9999,1,0.630612,1.18339,-9999,-9999,-9999,-9999,
-9999,-9999,1,0.504193,1.19057,-9999,-9999,-9999,-9999,
-9999,-9999,4,0.28627,0.392308,-9999,-9999,-9999,-9999,
-9999,-9999,4,0.302707,0.392354,-9999,-9999,-9999,-9999,
-9999,-9999,9,0.254061,0.233006,-9999,-9999,-9999,-9999,
-9999,-9999,9,0.242162,0.236128,-9999,-9999,-9999,-9999,
-9999,-9999,16,0.229673,0.174499,-9999,-9999,-9999,-9999,
-9999,-9999,16,0.23334,0.173887,-9999,-9999,-9999,-9999,
-9999,-9999,25,0.22958,0.146404,-9999,-9999,-9999,-9999,
-9999,-9999,25,0.225811,0.145341,-9999,-9999,-9999,-9999,
-9999,-9999,36,0.232969,0.164825,-9999,-9999,-9999,-9999,
-9999,-9999,36,0.233522,0.164765,-9999,-9999,-9999,-9999,
-9999,-9999,49,0.217273,0.149023,-9999,-9999,-9999,-9999,
-9999,-9999,49,0.248699,0.148534,-9999,-9999,-9999,-9999,
-9999,-9999,64,0.221206,0.137418,-9999,-9999,-9999,-9999,
-9999,-9999,64,0.225121,0.135628,-9999,-9999,-9999,-9999,
-9999,-9999,81,0.225366,0.142869,-9999,-9999,-9999,-9999,
-9999,-9999,81,0.235436,0.1434,-9999,-9999,-9999,-9999,
-9999,-9999,100,0.22012,0.145982,-9999,-9999,-9999,-9999,
-9999,-9999,100,0.24754,0.146598,-9999,-9999,-9999,-9999,
-9999,-9999,121,0.220632,0.139413,-9999,-9999,-9999,-9999,
-9999,-9999,121,0.225734,0.136726,-9999,-9999,-9999,-9999,
-9999,-9999,144,0.210591,0.13966,-9999,-9999,-9999,-9999,
-9999,-9999,144,0.227398,0.138691,-9999,-9999,-9999,-9999,
-9999,-9999,169,0.220266,0.141094,-9999,-9999,-9999,-9999,
-9999,-9999,169,0.226747,0.142214,-9999,-9999,-9999,-9999,
-9999,-9999,196,0.220662,0.149322,-9999,-9999,-9999,-9999,
-9999,-9999,196,0.206298,0.141321,-9999,-9999,-9999,-9999,
-9999,-9999,225,0.225438,0.139624,-9999,-9999,-9999,-9999,
-9999,-9999,225,0.222426,0.140251,-9999,-9999,-9999,-9999,
-9999,-9999,256,0.220975,0.136703,-9999,-9999,-9999,-9999,
-9999,-9999,256,0.24457,0.135536,-9999,-9999,-9999,-9999,
-9999,-9999,289,0.229621,0.140696,-9999,-9999,-9999,-9999,
-9999,-9999,289,0.236406,0.142161,-9999,-9999,-9999,-9999,
-9999,-9999,324,0.231727,0.138321,-9999,-9999,-9999,-9999,
-9999,-9999,324,0.221444,0.13917,-9999,-9999,-9999,-9999,
-9999,-9999,361,0.208223,0.137205,-9999,-9999,-9999,-9999,
-9999,-9999,361,0.224298,0.137494,-9999,-9999,-9999,-9999,
-9999,-9999,400,0.227094,0.137846,-9999,-9999,-9999,-9999,
-9999,-9999,400,0.227258,0.13832,-9999,-9999,-9999,-9999,
-9999,-9999,441,0.219383,0.137508,-9999,-9999,-9999,-9999,
-9999,-9999,441,0.229799,0.137001,-9999,-9999,-9999,-9999,
-9999,-9999,484,0.223129,0.141144,-9999,-9999,-9999,-9999,
-9999,-9999,484,0.236238,0.136313,-9999,-9999,-9999,-9999,
-9999,-9999,529,0.208162,0.136916,-9999,-9999,-9999,-9999,
-9999,-9999,529,0.24335,0.136291,-9999,-9999,-9999,-9999,
-9999,-9999,576,0.220542,0.13729,-9999,-9999,-9999,-9999,
-9999,-9999,576,0.2316,0.136828,-9999,-9999,-9999,-9999,
-9999,-9999,625,0.229406,0.136353,-9999,-9999,-9999,-9999,
-9999,-9999,625,0.229383,0.137761,-9999,-9999,-9999,-9999,
-9999,-9999,676,0.208707,0.137905,-9999,-9999,-9999,-9999,
-9999,-9999,676,0.215252,0.136564,-9999,-9999,-9999,-9999,
-9999,-9999,729,0.216592,0.137043,-9999,-9999,-9999,-9999,
-9999,-9999,729,0.228075,0.137123,-9999,-9999,-9999,-9999,
-9999,-9999,784,0.235194,0.138013,-9999,-9999,-9999,-9999,
-9999,-9999,784,0.225898,0.13764,-9999,-9999,-9999,-9999,
-9999,-9999,841,0.220734,0.135488,-9999,-9999,-9999,-9999,
-9999,-9999,841,0.210536,0.13628,-9999,-9999,-9999,-9999,
-9999,-9999,900,0.214252,0.136116,-9999,-9999,-9999,-9999,
-9999,-9999,900,0.227624,0.136125,-9999,-9999,-9999,-9999,
-9999,-9999,961,0.211163,0.137545,-9999,-9999,-9999,-9999,
-9999,-9999,961,0.210468,0.137651,-9999,-9999,-9999,-9999,
-9999,-9999,1024,0.20835,0.137192,-9999,-9999,-9999,-9999,
-9999,-9999,1024,0.217555,0.137099,-9999,-9999,-9999,-9999,
