time_cpu_float,time_cpu_double,block_size,time_gpu_float,time_gpu_double,diff_float,diff_double,spdup_float,spdup_double
0.00787997,0.023524,-9999,-9999,-9999,-9999,-9999,-9999,-9999,
0.00793099,0.0235019,-9999,-9999,-9999,-9999,-9999,-9999,-9999,
-9999,-9999,1,0.991492,3.05089,-9999,-9999,-9999,-9999,
-9999,-9999,1,1.01153,3.05183,-9999,-9999,-9999,-9999,
-9999,-9999,4,0.504182,1.01794,-9999,-9999,-9999,-9999,
-9999,-9999,4,0.483278,1.01805,-9999,-9999,-9999,-9999,
-9999,-9999,9,0.38131,0.606586,-9999,-9999,-9999,-9999,
-9999,-9999,9,0.366764,0.606954,-9999,-9999,-9999,-9999,
-9999,-9999,16,0.351563,0.457881,-9999,-9999,-9999,-9999,
-9999,-9999,16,0.348992,0.455031,-9999,-9999,-9999,-9999,
-9999,-9999,25,0.327819,0.38146,-9999,-9999,-9999,-9999,
-9999,-9999,25,0.305441,0.381103,-9999,-9999,-9999,-9999,
-9999,-9999,36,0.351312,0.42854,-9999,-9999,-9999,-9999,
-9999,-9999,36,0.330489,0.425917,-9999,-9999,-9999,-9999,
-9999,-9999,49,0.319408,0.384923,-9999,-9999,-9999,-9999,
-9999,-9999,49,0.32637,0.383223,-9999,-9999,-9999,-9999,
-9999,-9999,64,0.31427,0.352301,-9999,-9999,-9999,-9999,
-9999,-9999,64,0.298102,0.353437,-9999,-9999,-9999,-9999,
-9999,-9999,81,0.329547,0.372249,-9999,-9999,-9999,-9999,
-9999,-9999,81,0.320219,0.372541,-9999,-9999,-9999,-9999,
-9999,-9999,100,0.317123,0.379586,-9999,-9999,-9999,-9999,
-9999,-9999,100,0.334847,0.380052,-9999,-9999,-9999,-9999,
-9999,-9999,121,0.312815,0.359236,-9999,-9999,-9999,-9999,
-9999,-9999,121,0.331965,0.361796,-9999,-9999,-9999,-9999,
-9999,-9999,144,0.334357,0.366465,-9999,-9999,-9999,-9999,
-9999,-9999,144,0.315185,0.363287,-9999,-9999,-9999,-9999,
-9999,-9999,169,0.301301,0.366494,-9999,-9999,-9999,-9999,
-9999,-9999,169,0.334291,0.365424,-9999,-9999,-9999,-9999,
-9999,-9999,196,0.313388,0.36774,-9999,-9999,-9999,-9999,
-9999,-9999,196,0.318902,0.365774,-9999,-9999,-9999,-9999,
-9999,-9999,225,0.318371,0.36488,-9999,-9999,-9999,-9999,
-9999,-9999,225,0.325048,0.367007,-9999,-9999,-9999,-9999,
-9999,-9999,256,0.318425,0.353118,-9999,-9999,-9999,-9999,
-9999,-9999,256,0.304302,0.351681,-9999,-9999,-9999,-9999,
-9999,-9999,289,0.338166,0.365359,-9999,-9999,-9999,-9999,
-9999,-9999,289,0.325443,0.362999,-9999,-9999,-9999,-9999,
-9999,-9999,324,0.305347,0.361857,-9999,-9999,-9999,-9999,
-9999,-9999,324,0.324125,0.36066,-9999,-9999,-9999,-9999,
-9999,-9999,361,0.322449,0.359898,-9999,-9999,-9999,-9999,
-9999,-9999,361,0.307909,0.359427,-9999,-9999,-9999,-9999,
-9999,-9999,400,0.336553,0.357408,-9999,-9999,-9999,-9999,
-9999,-9999,400,0.329359,0.35813,-9999,-9999,-9999,-9999,
-9999,-9999,441,0.303678,0.35362,-9999,-9999,-9999,-9999,
-9999,-9999,441,0.321147,0.35472,-9999,-9999,-9999,-9999,
-9999,-9999,484,0.324027,0.357694,-9999,-9999,-9999,-9999,
-9999,-9999,484,0.308893,0.360142,-9999,-9999,-9999,-9999,
-9999,-9999,529,0.326248,0.356946,-9999,-9999,-9999,-9999,
-9999,-9999,529,0.32881,0.357864,-9999,-9999,-9999,-9999,
-9999,-9999,576,0.306674,0.355584,-9999,-9999,-9999,-9999,
-9999,-9999,576,0.311524,0.354169,-9999,-9999,-9999,-9999,
-9999,-9999,625,0.319876,0.354407,-9999,-9999,-9999,-9999,
-9999,-9999,625,0.307056,0.359192,-9999,-9999,-9999,-9999,
-9999,-9999,676,0.318137,0.358718,-9999,-9999,-9999,-9999,
-9999,-9999,676,0.329086,0.356254,-9999,-9999,-9999,-9999,
-9999,-9999,729,0.325634,0.354958,-9999,-9999,-9999,-9999,
-9999,-9999,729,0.328353,0.354909,-9999,-9999,-9999,-9999,
-9999,-9999,784,0.305468,0.358067,-9999,-9999,-9999,-9999,
-9999,-9999,784,0.320183,0.356004,-9999,-9999,-9999,-9999,
-9999,-9999,841,0.32096,0.355928,-9999,-9999,-9999,-9999,
-9999,-9999,841,0.320765,0.35765,-9999,-9999,-9999,-9999,
-9999,-9999,900,0.322068,0.35703,-9999,-9999,-9999,-9999,
-9999,-9999,900,0.324456,0.35976,-9999,-9999,-9999,-9999,
-9999,-9999,961,0.307561,0.35759,-9999,-9999,-9999,-9999,
-9999,-9999,961,0.33061,0.358891,-9999,-9999,-9999,-9999,
-9999,-9999,1024,0.319924,0.35413,-9999,-9999,-9999,-9999,
-9999,-9999,1024,0.330595,0.35449,-9999,-9999,-9999,-9999,
